(No of words , Frequency)
(57255, 1)
(17247, 2)
(9092, 3)
(5972, 4)
(4340, 5)
(3218, 6)
(2639, 7)
(2203, 8)
(1813, 9)
(1482, 10)
(1330, 11)
(1231, 12)
(976, 13)
(923, 14)
(798, 15)
(751, 16)
(662, 17)
(639, 18)
(591, 19)
(543, 20)
(482, 21)
(442, 22)
(466, 23)
(387, 24)
(349, 25)
(394, 26)
(346, 27)
(303, 28)
(278, 29)
(304, 30)
(261, 31)
(271, 32)
(226, 33)
(267, 34)
(255, 35)
(193, 36)
(203, 37)
(186, 38)
(174, 39)
(165, 40)
(161, 41)
(143, 42)
(153, 43)
(134, 44)
(138, 45)
(140, 46)
(140, 47)
(133, 48)
(116, 49)
(123, 50)
(130, 51)
(102, 52)
(111, 53)
(118, 54)
(98, 55)
(82, 56)
(93, 57)
(98, 58)
(95, 59)
(108, 60)
(75, 61)
(87, 62)
(88, 63)
(73, 64)
(101, 65)
(87, 66)
(74, 67)
(76, 68)
(85, 69)
(72, 70)
(65, 71)
(71, 72)
(73, 73)
(67, 74)
(58, 75)
(52, 76)
(53, 77)
(56, 78)
(54, 79)
(51, 80)
(62, 81)
(46, 82)
(52, 83)
(62, 84)
(55, 85)
(49, 86)
(45, 87)
(45, 88)
(61, 89)
(52, 90)
(57, 91)
(47, 92)
(38, 93)
(35, 94)
(43, 95)
(39, 96)
(51, 97)
(50, 98)
(45, 99)
(34, 100)
(30, 101)
(41, 102)
(47, 103)
(32, 104)
(41, 105)
(37, 106)
(43, 107)
(28, 108)
(39, 109)
(38, 110)
(26, 111)
(42, 112)
(22, 113)
(30, 114)
(36, 115)
(29, 116)
(33, 117)
(23, 118)
(27, 119)
(27, 120)
(34, 121)
(25, 122)
(25, 123)
(26, 124)
(32, 125)
(23, 126)
(33, 127)
(22, 128)
(28, 129)
(19, 130)
(15, 131)
(22, 132)
(30, 133)
(27, 134)
(23, 135)
(34, 136)
(33, 137)
(28, 138)
(23, 139)
(27, 140)
(18, 141)
(23, 142)
(15, 143)
(29, 144)
(23, 145)
(26, 146)
(25, 147)
(17, 148)
(20, 149)
(27, 150)
(24, 151)
(13, 152)
(17, 153)
(11, 154)
(19, 155)
(22, 156)
(18, 157)
(20, 158)
(24, 159)
(22, 160)
(19, 161)
(18, 162)
(22, 163)
(16, 164)
(16, 165)
(16, 166)
(12, 167)
(29, 168)
(13, 169)
(15, 170)
(25, 171)
(18, 172)
(19, 173)
(10, 174)
(18, 175)
(16, 176)
(11, 177)
(17, 178)
(19, 179)
(12, 180)
(16, 181)
(18, 182)
(14, 183)
(21, 184)
(11, 185)
(12, 186)
(21, 187)
(11, 188)
(16, 189)
(12, 190)
(17, 191)
(12, 192)
(17, 193)
(14, 194)
(12, 195)
(10, 196)
(16, 197)
(18, 198)
(12, 199)
(18, 200)
(12, 201)
(14, 202)
(17, 203)
(14, 204)
(11, 205)
(13, 206)
(11, 207)
(16, 208)
(11, 209)
(13, 210)
(10, 211)
(6, 212)
(15, 213)
(11, 214)
(11, 215)
(9, 216)
(12, 217)
(10, 218)
(14, 219)
(7, 220)
(13, 221)
(10, 222)
(9, 223)
(10, 224)
(9, 225)
(13, 226)
(17, 227)
(9, 228)
(10, 229)
(10, 230)
(11, 231)
(4, 232)
(4, 233)
(8, 234)
(12, 235)
(8, 236)
(11, 237)
(10, 238)
(7, 239)
(2, 240)
(11, 241)
(9, 242)
(7, 243)
(10, 244)
(6, 245)
(4, 246)
(8, 247)
(12, 248)
(5, 249)
(7, 250)
(9, 251)
(5, 252)
(11, 253)
(10, 254)
(6, 255)
(9, 256)
(11, 257)
(6, 258)
(13, 259)
(5, 260)
(13, 261)
(9, 262)
(11, 263)
(12, 264)
(5, 265)
(8, 266)
(8, 267)
(6, 268)
(10, 269)
(2, 270)
(5, 271)
(13, 272)
(6, 273)
(7, 274)
(6, 275)
(6, 276)
(5, 277)
(8, 278)
(7, 279)
(10, 280)
(7, 281)
(7, 282)
(12, 283)
(8, 284)
(4, 285)
(7, 286)
(6, 287)
(6, 288)
(11, 289)
(9, 290)
(5, 291)
(6, 292)
(9, 293)
(5, 294)
(3, 295)
(10, 296)
(9, 297)
(5, 298)
(7, 299)
(7, 300)
(10, 301)
(9, 302)
(12, 303)
(7, 304)
(8, 305)
(5, 306)
(7, 307)
(7, 308)
(7, 309)
(4, 310)
(8, 311)
(4, 312)
(8, 313)
(7, 314)
(3, 315)
(6, 316)
(12, 317)
(4, 318)
(4, 319)
(5, 320)
(6, 321)
(2, 322)
(5, 323)
(9, 324)
(5, 325)
(5, 326)
(11, 327)
(12, 328)
(11, 329)
(5, 330)
(1, 331)
(4, 332)
(2, 333)
(10, 334)
(7, 335)
(9, 336)
(10, 337)
(7, 338)
(9, 339)
(8, 340)
(9, 341)
(3, 342)
(3, 343)
(8, 344)
(5, 345)
(2, 346)
(8, 347)
(8, 348)
(4, 349)
(6, 350)
(6, 351)
(4, 352)
(5, 353)
(5, 354)
(7, 355)
(4, 356)
(7, 357)
(5, 358)
(7, 359)
(2, 360)
(5, 361)
(7, 362)
(7, 363)
(6, 364)
(6, 365)
(10, 366)
(7, 367)
(5, 368)
(5, 369)
(5, 370)
(4, 371)
(3, 372)
(7, 373)
(7, 374)
(6, 375)
(1, 376)
(3, 377)
(5, 378)
(5, 379)
(2, 380)
(3, 381)
(3, 382)
(7, 383)
(3, 384)
(3, 385)
(3, 386)
(4, 387)
(7, 388)
(3, 389)
(2, 390)
(5, 391)
(4, 392)
(3, 393)
(5, 394)
(3, 395)
(3, 396)
(3, 397)
(4, 398)
(6, 399)
(4, 400)
(5, 401)
(2, 402)
(2, 403)
(2, 404)
(5, 405)
(6, 406)
(1, 407)
(7, 408)
(4, 409)
(1, 410)
(5, 411)
(11, 412)
(4, 413)
(4, 414)
(2, 415)
(1, 416)
(3, 417)
(5, 418)
(3, 419)
(1, 420)
(4, 421)
(9, 422)
(2, 423)
(5, 424)
(2, 425)
(5, 426)
(4, 427)
(6, 428)
(4, 429)
(2, 431)
(1, 432)
(3, 433)
(3, 434)
(5, 435)
(4, 436)
(2, 437)
(2, 438)
(4, 439)
(2, 441)
(1, 442)
(2, 443)
(6, 444)
(5, 445)
(2, 446)
(3, 447)
(2, 449)
(4, 450)
(5, 451)
(1, 452)
(3, 453)
(3, 454)
(3, 455)
(3, 456)
(2, 457)
(4, 458)
(5, 459)
(3, 460)
(3, 461)
(2, 462)
(2, 463)
(7, 464)
(4, 465)
(3, 466)
(2, 467)
(2, 468)
(3, 469)
(4, 470)
(2, 471)
(4, 472)
(3, 473)
(7, 474)
(3, 475)
(4, 476)
(2, 477)
(3, 478)
(4, 479)
(2, 480)
(2, 481)
(1, 482)
(2, 483)
(1, 484)
(4, 485)
(4, 486)
(1, 487)
(1, 488)
(2, 489)
(1, 490)
(1, 491)
(2, 492)
(2, 493)
(3, 494)
(3, 495)
(1, 496)
(1, 497)
(4, 498)
(2, 499)
(3, 500)
(3, 501)
(1, 502)
(4, 503)
(3, 504)
(2, 505)
(1, 506)
(2, 507)
(1, 508)
(4, 509)
(3, 510)
(3, 512)
(2, 513)
(5, 514)
(3, 515)
(7, 516)
(2, 517)
(1, 518)
(1, 519)
(1, 520)
(3, 521)
(3, 522)
(2, 523)
(2, 524)
(2, 525)
(3, 526)
(3, 527)
(1, 528)
(1, 529)
(1, 530)
(6, 531)
(1, 534)
(7, 535)
(6, 536)
(4, 537)
(2, 538)
(5, 539)
(1, 540)
(2, 541)
(2, 542)
(1, 543)
(5, 544)
(3, 545)
(2, 546)
(1, 548)
(1, 549)
(3, 550)
(1, 551)
(5, 553)
(4, 554)
(5, 555)
(1, 556)
(2, 558)
(3, 559)
(3, 560)
(2, 561)
(2, 562)
(1, 563)
(3, 564)
(3, 565)
(1, 566)
(2, 567)
(3, 568)
(5, 569)
(4, 571)
(1, 572)
(1, 573)
(5, 574)
(6, 575)
(3, 576)
(2, 577)
(1, 578)
(4, 579)
(3, 580)
(1, 581)
(3, 582)
(3, 583)
(2, 584)
(1, 585)
(2, 586)
(3, 587)
(3, 588)
(4, 589)
(2, 591)
(2, 592)
(2, 593)
(1, 594)
(2, 595)
(2, 596)
(2, 597)
(1, 598)
(2, 600)
(2, 601)
(2, 602)
(4, 603)
(1, 605)
(1, 606)
(3, 607)
(1, 610)
(2, 611)
(1, 612)
(2, 613)
(1, 614)
(4, 615)
(1, 616)
(1, 617)
(1, 619)
(2, 620)
(6, 621)
(3, 622)
(2, 623)
(3, 624)
(3, 626)
(3, 627)
(2, 629)
(1, 630)
(2, 631)
(4, 633)
(1, 634)
(2, 635)
(1, 636)
(1, 637)
(2, 638)
(4, 642)
(2, 643)
(1, 644)
(2, 645)
(2, 646)
(1, 647)
(2, 648)
(2, 649)
(2, 650)
(2, 652)
(2, 653)
(2, 654)
(1, 655)
(1, 656)
(1, 657)
(1, 659)
(1, 660)
(1, 661)
(1, 663)
(2, 665)
(1, 666)
(3, 667)
(1, 668)
(2, 669)
(1, 670)
(2, 671)
(2, 672)
(7, 673)
(3, 675)
(3, 676)
(2, 677)
(1, 678)
(2, 679)
(1, 680)
(1, 682)
(1, 683)
(3, 684)
(2, 685)
(1, 686)
(4, 689)
(2, 691)
(1, 692)
(2, 693)
(2, 695)
(2, 696)
(3, 698)
(1, 699)
(1, 701)
(2, 702)
(2, 703)
(2, 704)
(1, 707)
(2, 708)
(1, 709)
(2, 710)
(2, 712)
(1, 713)
(1, 714)
(1, 715)
(3, 716)
(1, 717)
(3, 718)
(2, 719)
(2, 720)
(1, 721)
(3, 722)
(1, 724)
(1, 725)
(2, 727)
(3, 728)
(1, 729)
(2, 731)
(2, 732)
(1, 734)
(2, 735)
(2, 736)
(1, 737)
(1, 739)
(3, 740)
(1, 741)
(1, 742)
(1, 743)
(1, 744)
(1, 745)
(3, 747)
(2, 750)
(3, 752)
(1, 753)
(1, 756)
(2, 757)
(2, 758)
(1, 760)
(2, 762)
(1, 763)
(1, 764)
(3, 765)
(1, 766)
(1, 768)
(2, 770)
(2, 772)
(3, 773)
(1, 774)
(1, 775)
(1, 776)
(1, 779)
(2, 780)
(3, 781)
(1, 785)
(1, 786)
(1, 787)
(1, 788)
(2, 791)
(1, 792)
(2, 794)
(1, 795)
(2, 796)
(1, 798)
(1, 799)
(1, 801)
(1, 802)
(1, 803)
(1, 806)
(1, 807)
(2, 808)
(1, 809)
(2, 811)
(1, 812)
(3, 814)
(1, 817)
(1, 818)
(1, 820)
(3, 823)
(3, 825)
(2, 827)
(2, 828)
(1, 830)
(2, 831)
(1, 834)
(5, 835)
(1, 837)
(3, 839)
(2, 840)
(2, 841)
(1, 847)
(2, 850)
(3, 851)
(3, 854)
(1, 855)
(1, 856)
(2, 857)
(1, 858)
(1, 859)
(2, 860)
(2, 861)
(4, 864)
(1, 865)
(1, 866)
(1, 867)
(2, 868)
(2, 869)
(3, 872)
(1, 873)
(2, 874)
(1, 875)
(1, 876)
(1, 877)
(2, 880)
(2, 881)
(2, 885)
(2, 886)
(1, 887)
(1, 889)
(1, 890)
(1, 892)
(1, 893)
(2, 895)
(2, 898)
(1, 900)
(1, 902)
(2, 906)
(2, 909)
(2, 912)
(1, 913)
(1, 914)
(1, 916)
(1, 924)
(2, 926)
(1, 927)
(1, 930)
(1, 932)
(1, 934)
(4, 935)
(1, 936)
(1, 938)
(1, 941)
(1, 943)
(2, 944)
(1, 949)
(2, 950)
(1, 951)
(1, 952)
(1, 953)
(1, 954)
(1, 955)
(1, 956)
(2, 957)
(1, 961)
(1, 963)
(3, 964)
(1, 965)
(3, 966)
(1, 967)
(1, 968)
(4, 971)
(1, 973)
(1, 974)
(1, 975)
(1, 978)
(2, 980)
(1, 984)
(2, 985)
(1, 988)
(1, 989)
(1, 990)
(2, 993)
(2, 1000)
(1, 1004)
(1, 1015)
(2, 1016)
(1, 1017)
(1, 1023)
(1, 1027)
(1, 1028)
(1, 1030)
(2, 1031)
(1, 1032)
(1, 1035)
(2, 1040)
(1, 1042)
(1, 1044)
(1, 1045)
(2, 1048)
(1, 1049)
(1, 1050)
(2, 1051)
(1, 1053)
(1, 1055)
(1, 1056)
(1, 1060)
(2, 1061)
(1, 1063)
(1, 1066)
(1, 1067)
(1, 1069)
(1, 1070)
(1, 1073)
(1, 1078)
(1, 1079)
(1, 1083)
(2, 1087)
(1, 1089)
(1, 1090)
(2, 1093)
(1, 1094)
(1, 1096)
(1, 1097)
(1, 1099)
(1, 1102)
(2, 1103)
(1, 1104)
(1, 1109)
(2, 1114)
(1, 1115)
(3, 1120)
(1, 1121)
(1, 1122)
(1, 1123)
(2, 1124)
(1, 1125)
(1, 1126)
(1, 1127)
(2, 1128)
(1, 1129)
(1, 1130)
(1, 1131)
(2, 1132)
(1, 1133)
(1, 1136)
(1, 1138)
(1, 1141)
(1, 1146)
(1, 1147)
(1, 1149)
(1, 1150)
(2, 1151)
(1, 1152)
(2, 1154)
(1, 1155)
(1, 1156)
(1, 1161)
(1, 1165)
(1, 1166)
(1, 1167)
(1, 1170)
(1, 1173)
(1, 1178)
(1, 1180)
(1, 1181)
(1, 1183)
(2, 1188)
(1, 1189)
(1, 1190)
(1, 1193)
(1, 1198)
(2, 1203)
(1, 1205)
(1, 1207)
(1, 1208)
(1, 1209)
(1, 1211)
(1, 1215)
(1, 1216)
(1, 1227)
(1, 1230)
(1, 1235)
(2, 1242)
(1, 1244)
(1, 1246)
(1, 1247)
(1, 1248)
(1, 1250)
(1, 1251)
(1, 1255)
(1, 1258)
(1, 1261)
(2, 1266)
(2, 1269)
(1, 1271)
(2, 1273)
(1, 1277)
(1, 1281)
(1, 1282)
(1, 1290)
(1, 1292)
(1, 1297)
(1, 1300)
(2, 1303)
(1, 1304)
(1, 1310)
(2, 1311)
(2, 1316)
(1, 1318)
(2, 1321)
(1, 1322)
(1, 1323)
(2, 1324)
(1, 1330)
(1, 1331)
(1, 1333)
(1, 1336)
(2, 1344)
(1, 1346)
(1, 1355)
(1, 1356)
(1, 1357)
(1, 1358)
(1, 1359)
(1, 1361)
(1, 1364)
(1, 1368)
(1, 1371)
(2, 1375)
(1, 1376)
(1, 1379)
(1, 1382)
(1, 1384)
(1, 1393)
(1, 1394)
(1, 1398)
(1, 1400)
(1, 1406)
(2, 1408)
(1, 1411)
(1, 1413)
(1, 1418)
(1, 1423)
(1, 1425)
(2, 1429)
(1, 1431)
(1, 1432)
(1, 1437)
(2, 1438)
(1, 1439)
(2, 1440)
(1, 1441)
(2, 1442)
(1, 1444)
(1, 1447)
(1, 1449)
(1, 1450)
(1, 1452)
(1, 1453)
(1, 1458)
(1, 1459)
(2, 1466)
(1, 1467)
(1, 1474)
(1, 1477)
(1, 1485)
(1, 1486)
(2, 1489)
(1, 1492)
(2, 1494)
(1, 1498)
(1, 1499)
(1, 1500)
(1, 1501)
(1, 1504)
(2, 1509)
(1, 1510)
(1, 1518)
(2, 1519)
(1, 1520)
(1, 1522)
(1, 1534)
(1, 1537)
(1, 1539)
(2, 1543)
(1, 1550)
(1, 1552)
(1, 1555)
(1, 1556)
(1, 1558)
(2, 1559)
(1, 1564)
(1, 1567)
(1, 1579)
(1, 1586)
(1, 1587)
(1, 1593)
(1, 1607)
(1, 1610)
(1, 1611)
(1, 1612)
(3, 1613)
(1, 1618)
(2, 1620)
(1, 1623)
(1, 1633)
(1, 1648)
(1, 1651)
(1, 1652)
(1, 1656)
(1, 1658)
(1, 1661)
(1, 1678)
(1, 1688)
(1, 1690)
(1, 1694)
(2, 1701)
(1, 1706)
(1, 1708)
(1, 1711)
(1, 1715)
(2, 1722)
(1, 1724)
(1, 1728)
(1, 1730)
(2, 1731)
(1, 1745)
(1, 1752)
(1, 1763)
(2, 1782)
(1, 1783)
(1, 1787)
(1, 1795)
(1, 1796)
(1, 1807)
(1, 1808)
(1, 1814)
(1, 1816)
(1, 1828)
(1, 1843)
(1, 1846)
(1, 1848)
(1, 1851)
(1, 1857)
(2, 1863)
(1, 1865)
(2, 1868)
(1, 1885)
(1, 1893)
(1, 1899)
(1, 1911)
(1, 1918)
(1, 1931)
(1, 1942)
(1, 1947)
(1, 1964)
(1, 1966)
(1, 1972)
(1, 1982)
(1, 1986)
(1, 1992)
(1, 1997)
(1, 2005)
(1, 2036)
(1, 2070)
(1, 2075)
(1, 2080)
(1, 2087)
(1, 2090)
(1, 2098)
(1, 2102)
(1, 2103)
(1, 2113)
(2, 2119)
(2, 2122)
(2, 2123)
(1, 2138)
(1, 2146)
(1, 2157)
(1, 2159)
(1, 2169)
(1, 2182)
(1, 2184)
(1, 2187)
(1, 2188)
(1, 2195)
(1, 2201)
(2, 2212)
(2, 2217)
(1, 2236)
(1, 2240)
(1, 2250)
(1, 2252)
(1, 2254)
(1, 2257)
(1, 2276)
(1, 2285)
(1, 2286)
(2, 2292)
(1, 2294)
(1, 2295)
(1, 2299)
(1, 2306)
(1, 2341)
(1, 2350)
(1, 2360)
(1, 2368)
(1, 2370)
(1, 2392)
(1, 2393)
(1, 2444)
(1, 2454)
(1, 2464)
(2, 2501)
(1, 2503)
(1, 2507)
(1, 2514)
(1, 2519)
(1, 2545)
(1, 2551)
(1, 2567)
(1, 2570)
(1, 2577)
(1, 2589)
(1, 2613)
(1, 2627)
(1, 2634)
(1, 2643)
(1, 2648)
(1, 2654)
(1, 2669)
(1, 2671)
(1, 2679)
(1, 2701)
(1, 2722)
(1, 2758)
(1, 2760)
(1, 2778)
(1, 2789)
(1, 2790)
(1, 2807)
(1, 2816)
(1, 2820)
(1, 2831)
(1, 2883)
(1, 2890)
(1, 2900)
(1, 2911)
(1, 2953)
(1, 2969)
(1, 2999)
(1, 3007)
(1, 3016)
(1, 3017)
(2, 3061)
(1, 3062)
(1, 3063)
(1, 3157)
(1, 3162)
(1, 3172)
(1, 3173)
(1, 3177)
(1, 3179)
(1, 3183)
(1, 3213)
(1, 3221)
(1, 3232)
(1, 3270)
(1, 3308)
(1, 3330)
(1, 3332)
(1, 3337)
(1, 3343)
(1, 3426)
(1, 3462)
(1, 3471)
(1, 3518)
(1, 3560)
(1, 3572)
(1, 3582)
(1, 3597)
(1, 3598)
(1, 3637)
(1, 3642)
(1, 3648)
(1, 3666)
(1, 3671)
(1, 3704)
(1, 3722)
(1, 3736)
(1, 3829)
(1, 3911)
(1, 3940)
(1, 3956)
(1, 3977)
(1, 4017)
(1, 4063)
(1, 4209)
(1, 4251)
(1, 4298)
(1, 4325)
(1, 4348)
(1, 4390)
(1, 4480)
(1, 4625)
(1, 4682)
(1, 4758)
(1, 4799)
(1, 4891)
(1, 4918)
(1, 4921)
(1, 4966)
(1, 5022)
(1, 5084)
(1, 5153)
(1, 5279)
(1, 5286)
(1, 5323)
(1, 5380)
(1, 5406)
(1, 5422)
(1, 5527)
(1, 5611)
(1, 5615)
(1, 5634)
(1, 5657)
(1, 5704)
(1, 5842)
(1, 5864)
(1, 5990)
(1, 6009)
(1, 6024)
(1, 6087)
(2, 6223)
(1, 6228)
(1, 6332)
(1, 6335)
(1, 6415)
(1, 6432)
(1, 6449)
(1, 6564)
(1, 6595)
(1, 6626)
(1, 6713)
(1, 6807)
(1, 7437)
(1, 7464)
(1, 7743)
(1, 7767)
(1, 7787)
(1, 8041)
(1, 8300)
(1, 8385)
(1, 8810)
(1, 8999)
(1, 9023)
(1, 9108)
(1, 9109)
(1, 9146)
(1, 9762)
(1, 9800)
(1, 9821)
(1, 9845)
(1, 10446)
(1, 10585)
(1, 10651)
(1, 10897)
(1, 11345)
(1, 12026)
(1, 12162)
(1, 12716)
(1, 12850)
(1, 13141)
(1, 13198)
(1, 13292)
(1, 13317)
(1, 13809)
(1, 14609)
(1, 14733)
(1, 14813)
(1, 14912)
(1, 15951)
(1, 16317)
(1, 16330)
(1, 16629)
(1, 18140)
(1, 18447)
(1, 18552)
(1, 18611)
(1, 20116)
(1, 21245)
(1, 21624)
(1, 22142)
(1, 23587)
(1, 24146)
(1, 25426)
(1, 25943)
(1, 28788)
(1, 28961)
(1, 29411)
(1, 29430)
(1, 30263)
(1, 31948)
(1, 32889)
(1, 37067)
(1, 38002)
(1, 41086)
(1, 41117)
(1, 41903)
(1, 42241)
(1, 44017)
(1, 54536)
(1, 55206)
(1, 56989)
(1, 61665)
(1, 113628)
(1, 123424)
(1, 140371)
(1, 165830)
(1, 192033)
(1, 393958)